31 45 
30 47 
31 30 
15 75 
60 15 
31 60 
33 46 
0 32 
33 0 
48 33 
31 48 
61 31 
1 17 
4 18 
1 4 
5 20 
2 19 
5 2 
1 5 
61 1 
62 61 
65 79 
62 65 
93 108 
92 106 
93 92 
62 93 
78 62 
125 139 
122 140 
125 122 
80 125 
153 168 
80 153 
78 80 
152 166 
78 152 
120 135 
78 120 
167 180 
150 167 
165 150 
151 165 
78 151 
105 78 
91 105 
77 91 
64 77 
51 64 
38 51 
39 38 
54 39 
99 54 
111 99 
90 111 
107 90 
121 138 
124 137 
121 124 
107 121 
16 107 
98 16 
76 98 
136 76 
37 50 
36 53 
37 36 
136 37 
63 136 
68 63 
86 68 
11 26 
8 25 
11 8 
86 11 
71 86 
85 71 
97 85 
110 97 
96 110 
123 96 
35 49 
3 34 
35 3 
52 35 
123 52 
10 24 
7 23 
10 7 
123 10 
9 21 
6 22 
9 6 
123 9 
67 123 
84 67 
66 84 
43 58 
44 56 
43 44 
66 43 
70 66 
83 70 
95 83 
109 95 
94 109 
82 94 
41 55 
42 57 
41 42 
82 41 
69 82 
40 69 
13 29 
14 28 
13 14 
12 27 
13 12 
59 13 
74 59 
40 74 
73 40 
72 73 
87 72 
101 87 
114 101 
113 114 
128 113 
159 128 
89 159 
103 89 
104 103 
116 104 
131 116 
146 131 
158 146 
174 207 
158 174 
88 158 
102 88 
115 102 
130 115 
145 130 
157 145 
112 157 
127 112 
144 127 
156 144 
173 156 
186 205 
206 186 
173 206 
143 173 
81 143 
100 81 
129 100 
126 129 
142 126 
154 142 
155 154 
172 155 
185 204 
203 185 
172 203 
117 172 
119 117 
132 119 
147 132 
118 147 
133 118 
134 133 
148 134 
179 219 
148 179 
162 148 
141 162 
160 141 
149 160 
163 149 
161 163 
177 161 
164 177 
176 164 
189 213 
212 189 
176 212 
190 215 
214 190 
176 214 
175 176 
192 220 
221 192 
175 221 
169 175 
170 169 
181 196 
195 181 
170 195 
188 211 
210 188 
170 210 
171 170 
183 200 
199 183 
171 199 
187 208 
209 187 
171 209 
182 197 
198 182 
171 198 
178 218 
171 178 
191 216 
217 191 
171 217 
184 201 
202 184 
171 202 
194 171 
193 194 
