16 68 
17 36 
16 17 
0 37 
54 0 
16 54 
52 16 
69 85 
52 69 
86 52 
137 155 
154 137 
138 154 
86 138 
106 121 
105 123 
106 105 
86 106 
174 192 
175 190 
174 175 
173 191 
172 189 
173 172 
174 173 
86 174 
120 86 
104 120 
139 157 
104 139 
122 156 
104 122 
103 104 
51 103 
35 51 
34 35 
53 34 
70 53 
88 70 
89 88 
73 89 
158 73 
142 158 
87 142 
140 160 
143 159 
140 143 
91 140 
87 91 
71 87 
90 71 
74 90 
2 21 
5 22 
2 5 
74 2 
1 20 
4 19 
1 4 
74 1 
126 74 
111 126 
57 111 
43 57 
42 43 
60 42 
18 60 
112 18 
98 112 
129 98 
40 56 
41 59 
40 41 
129 40 
77 129 
97 77 
72 97 
11 28 
8 29 
11 8 
27 11 
72 27 
63 72 
80 63 
96 80 
110 96 
125 110 
109 125 
141 109 
49 141 
10 25 
7 26 
10 7 
49 10 
38 58 
39 55 
38 39 
3 38 
49 3 
76 49 
95 76 
9 23 
6 24 
9 6 
95 9 
75 95 
181 195 
180 198 
181 180 
75 181 
167 75 
132 167 
118 132 
83 118 
48 62 
47 65 
48 47 
83 48 
79 83 
94 79 
108 94 
124 108 
107 124 
93 107 
46 64 
45 61 
46 45 
93 46 
78 93 
44 78 
13 32 
15 31 
13 15 
14 33 
13 14 
67 13 
12 30 
67 12 
44 67 
128 44 
102 128 
117 102 
146 117 
166 146 
82 166 
149 82 
131 149 
116 131 
101 116 
84 101 
50 66 
84 50 
81 84 
100 81 
119 100 
99 119 
135 99 
114 135 
92 114 
134 92 
152 134 
136 152 
171 136 
153 171 
115 153 
133 115 
130 133 
151 130 
170 151 
127 170 
205 245 
127 205 
169 127 
144 169 
187 144 
201 187 
165 201 
186 165 
145 186 
148 145 
164 148 
185 164 
200 185 
213 233 
234 213 
200 234 
113 200 
147 113 
150 147 
168 150 
162 168 
163 162 
183 163 
184 183 
161 184 
182 161 
202 182 
214 236 
237 214 
202 237 
203 202 
216 240 
241 216 
203 241 
176 203 
199 176 
211 229 
230 211 
199 230 
188 246 
199 188 
215 239 
238 215 
199 238 
177 199 
193 218 
177 193 
196 177 
204 242 
196 204 
235 196 
212 231 
232 212 
235 232 
217 244 
243 217 
235 243 
208 223 
224 208 
235 224 
178 197 
179 194 
178 179 
235 178 
210 227 
228 210 
235 228 
209 225 
226 209 
235 226 
206 220 
219 206 
235 219 
207 221 
222 207 
235 222 
