204 225 
205 227 
204 205 
203 226 
202 224 
203 202 
204 203 
164 184 
183 164 
163 183 
204 163 
143 204 
142 143 
101 121 
142 101 
144 185 
142 144 
120 142 
60 82 
120 60 
102 120 
122 102 
165 187 
168 186 
165 168 
122 165 
145 122 
123 145 
19 81 
20 19 
0 20 
40 63 
41 61 
40 41 
0 40 
123 0 
38 123 
39 38 
62 39 
83 62 
105 83 
103 105 
104 103 
86 104 
169 189 
166 188 
169 166 
86 169 
148 86 
128 148 
233 248 
209 233 
208 229 
209 208 
210 230 
211 234 
210 211 
209 210 
128 209 
213 235 
212 231 
213 212 
128 213 
149 128 
173 196 
149 173 
153 149 
130 153 
152 130 
129 152 
87 107 
84 106 
87 84 
129 87 
66 129 
71 131 
49 67 
71 49 
48 71 
9 48 
66 9 
5 25 
2 24 
5 2 
66 5 
47 66 
91 47 
70 91 
46 70 
1 23 
4 22 
1 4 
46 1 
114 46 
32 114 
21 32 
12 31 
8 30 
12 8 
21 12 
45 21 
65 45 
44 65 
69 44 
85 69 
90 85 
113 90 
147 167 
113 147 
127 113 
126 127 
151 126 
172 151 
194 172 
195 194 
176 195 
156 176 
138 156 
112 138 
94 112 
56 74 
55 77 
56 55 
94 56 
137 94 
42 68 
3 43 
42 3 
64 42 
137 64 
11 28 
7 29 
11 7 
137 11 
10 27 
6 26 
10 6 
137 10 
89 137 
111 89 
88 111 
125 146 
88 125 
110 88 
93 110 
73 93 
124 73 
109 124 
53 109 
54 53 
52 72 
51 75 
52 51 
54 52 
92 54 
50 92 
15 36 
17 37 
15 17 
50 15 
16 35 
14 34 
16 14 
13 33 
16 13 
50 16 
76 50 
97 76 
119 97 
99 119 
118 99 
136 118 
155 136 
135 155 
96 135 
117 96 
18 59 
58 80 
18 58 
79 18 
57 100 
79 57 
78 98 
79 78 
117 79 
95 117 
150 95 
171 150 
193 171 
175 193 
116 175 
115 116 
134 157 
133 154 
134 133 
115 134 
140 115 
141 140 
159 141 
158 159 
161 158 
181 161 
179 181 
201 179 
220 241 
238 220 
219 238 
201 219 
139 201 
160 139 
180 160 
162 180 
200 162 
218 200 
178 218 
182 178 
199 182 
222 199 
223 222 
243 223 
256 281 
282 256 
243 282 
198 243 
221 198 
217 221 
240 217 
254 277 
276 254 
240 276 
237 240 
251 270 
271 251 
237 271 
108 237 
244 285 
108 244 
257 284 
283 257 
108 283 
132 108 
177 132 
197 177 
174 197 
170 174 
191 170 
215 191 
192 215 
216 192 
236 216 
250 268 
269 250 
236 269 
190 236 
214 190 
249 266 
267 249 
214 267 
239 214 
253 275 
274 253 
239 274 
242 278 
239 242 
255 279 
280 255 
239 280 
252 273 
272 252 
239 272 
228 258 
207 228 
206 232 
207 206 
239 207 
246 262 
261 246 
239 261 
245 259 
260 245 
239 260 
247 263 
264 247 
239 264 
265 239 
