204 227 
205 225 
204 205 
203 226 
202 224 
203 202 
204 203 
183 184 
164 183 
163 164 
204 163 
143 204 
142 143 
101 121 
142 101 
144 185 
142 144 
120 142 
60 82 
120 60 
102 120 
122 102 
165 187 
168 186 
165 168 
122 165 
145 122 
123 145 
19 81 
20 19 
0 20 
40 63 
41 61 
40 41 
0 40 
123 0 
38 123 
39 38 
62 39 
83 62 
105 83 
103 105 
104 103 
86 104 
169 188 
166 189 
169 166 
86 169 
148 86 
128 148 
233 248 
209 233 
208 229 
209 208 
210 230 
211 234 
210 211 
209 210 
128 209 
212 235 
213 231 
212 213 
128 212 
149 128 
173 196 
149 173 
153 149 
130 153 
152 130 
129 152 
87 107 
84 106 
87 84 
129 87 
66 129 
71 131 
49 67 
71 49 
48 71 
9 48 
66 9 
5 25 
2 24 
5 2 
66 5 
47 66 
91 47 
70 91 
46 70 
1 23 
4 22 
1 4 
46 1 
147 167 
46 147 
127 46 
126 127 
151 126 
172 194 
151 172 
114 151 
195 114 
176 195 
156 176 
138 156 
32 138 
21 32 
8 31 
12 30 
8 12 
21 8 
45 21 
65 45 
44 65 
69 44 
90 69 
112 90 
113 112 
94 113 
56 74 
55 77 
56 55 
94 56 
137 94 
85 137 
42 68 
3 43 
42 3 
64 42 
85 64 
11 28 
7 29 
11 7 
85 11 
10 27 
6 26 
10 6 
85 10 
89 85 
111 89 
88 111 
124 150 
125 146 
124 125 
88 124 
110 88 
93 110 
73 93 
109 73 
53 109 
54 53 
52 72 
51 75 
52 51 
54 52 
92 54 
50 92 
15 36 
17 37 
15 17 
50 15 
16 35 
14 34 
16 14 
13 33 
16 13 
50 16 
76 50 
97 76 
119 97 
99 119 
118 99 
96 118 
136 96 
155 136 
135 155 
117 135 
18 59 
58 80 
18 58 
79 18 
57 100 
79 57 
78 98 
79 78 
117 79 
95 117 
115 95 
116 115 
133 116 
134 133 
154 134 
175 154 
171 193 
175 171 
140 175 
159 140 
141 159 
158 141 
161 158 
181 161 
179 181 
201 179 
219 238 
220 241 
219 220 
201 219 
139 201 
160 139 
180 160 
157 180 
162 157 
108 162 
132 108 
174 132 
170 174 
178 170 
177 178 
197 177 
182 197 
199 182 
222 199 
190 222 
200 190 
223 200 
214 223 
243 214 
191 243 
215 191 
256 281 
282 256 
215 282 
244 285 
215 244 
198 215 
221 198 
257 284 
283 257 
221 283 
192 221 
216 192 
236 216 
239 236 
252 273 
272 252 
239 272 
242 278 
239 242 
249 266 
267 249 
239 267 
255 280 
279 255 
239 279 
218 237 
217 240 
218 217 
239 218 
254 277 
276 254 
239 276 
251 270 
271 251 
239 271 
250 269 
268 250 
239 268 
253 275 
274 253 
239 274 
228 258 
207 228 
206 232 
207 206 
239 207 
246 262 
261 246 
239 261 
245 259 
260 245 
239 260 
247 263 
264 247 
239 264 
265 239 
