32 74 
52 32 
75 94 
52 75 
13 33 
53 13 
52 53 
36 78 
56 36 
9 56 
52 9 
160 179 
137 160 
118 137 
52 118 
28 70 
48 28 
5 48 
52 5 
10 29 
52 10 
59 81 
39 59 
101 39 
60 82 
102 60 
101 102 
40 101 
83 103 
61 83 
41 61 
125 41 
18 125 
126 18 
40 126 
16 40 
17 16 
14 37 
17 14 
52 17 
6 52 
34 6 
11 34 
98 122 
11 98 
79 11 
57 79 
38 57 
58 80 
100 58 
124 100 
38 124 
99 123 
38 99 
15 38 
156 175 
133 156 
114 141 
133 114 
198 133 
15 198 
45 66 
24 45 
15 24 
90 15 
71 90 
49 71 
30 49 
25 30 
7 25 
153 180 
138 161 
153 138 
110 153 
119 144 
110 119 
7 110 
95 7 
76 95 
54 76 
35 54 
12 35 
87 12 
67 87 
46 67 
26 46 
115 142 
26 115 
91 26 
72 91 
50 72 
31 50 
120 145 
31 120 
96 31 
77 97 
55 77 
96 55 
8 96 
139 162 
8 139 
111 8 
88 111 
68 88 
47 69 
27 47 
68 27 
73 93 
51 73 
113 51 
68 113 
92 68 
89 92 
112 89 
140 163 
121 140 
112 121 
116 112 
143 116 
4 143 
3 4 
117 159 
136 117 
152 178 
136 152 
109 136 
3 109 
44 65 
23 44 
3 23 
22 3 
43 64 
85 43 
1 85 
22 1 
107 22 
134 157 
107 134 
86 107 
108 86 
135 108 
2 135 
0 19 
2 0 
20 42 
62 20 
21 63 
62 21 
84 62 
2 84 
130 147 
104 130 
2 104 
105 2 
131 105 
128 170 
148 128 
131 148 
106 149 
132 106 
131 132 
151 131 
150 171 
129 150 
151 129 
172 151 
154 172 
190 212 
232 190 
233 251 
232 233 
191 232 
154 191 
173 154 
155 173 
174 155 
192 174 
193 235 
214 193 
192 214 
197 192 
213 252 
234 213 
197 234 
182 197 
201 182 
158 201 
181 158 
177 181 
200 177 
220 200 
176 220 
199 176 
219 199 
241 219 
196 241 
218 196 
240 218 
257 240 
194 257 
195 194 
215 195 
216 215 
237 216 
217 237 
238 217 
255 238 
253 255 
189 253 
272 189 
268 288 
300 268 
272 300 
274 272 
286 317 
301 286 
269 289 
301 269 
274 301 
236 274 
254 236 
239 254 
271 239 
256 271 
221 259 
242 221 
256 242 
258 256 
275 258 
270 290 
302 270 
275 302 
331 332 
275 331 
287 303 
318 287 
275 318 
319 275 
333 319 
276 333 
273 305 
293 273 
310 324 
293 310 
279 293 
337 279 
334 337 
276 334 
321 276 
304 321 
336 304 
323 336 
292 323 
309 292 
339 309 
307 339 
326 307 
341 326 
328 341 
278 328 
297 314 
283 297 
278 283 
281 312 
295 281 
278 295 
225 262 
245 225 
205 224 
245 205 
278 245 
166 185 
278 166 
320 278 
306 320 
338 306 
325 338 
340 325 
294 340 
311 294 
291 311 
335 291 
322 335 
342 322 
329 342 
261 329 
280 261 
284 298 
315 284 
280 315 
308 280 
327 308 
277 327 
296 277 
313 296 
343 313 
330 344 
343 330 
228 247 
264 228 
343 264 
263 343 
282 263 
299 316 
285 299 
282 285 
208 282 
249 266 
230 249 
208 230 
127 146 
169 127 
165 169 
188 165 
168 187 
210 168 
188 210 
231 267 
250 231 
211 250 
188 211 
208 188 
184 204 
208 184 
227 208 
167 186 
207 167 
227 207 
265 227 
209 229 
248 209 
265 248 
246 265 
226 246 
164 183 
206 164 
226 206 
244 226 
203 223 
244 203 
260 244 
243 260 
202 222 
243 202 
